0;0;1008;567;504;283;-1000;0.5;0.5;0.5;0.25;6
2;0.9;0.9;0.9;0.3;0.15;1.0;50;1.0;0.0;0.0;0.0;361,245,397|460,312,136|460,331,136|360,263,399
2;0.9;0.9;0.9;0.3;0.15;1.0;50;1.0;0.0;0.0;0.0;460,312,136|724,312,236|724,331,236|460,331,136
2;1.0;1.0;1.0;1.0;0.15;1.0;50;1.0;0.0;0.0;0.0;460,312,136|724,312,236|625,245,497|361,245,397
2;0.3;0.3;0.9;0.3;0.15;1.0;50;1.0;0.0;0.0;0.0;365,43,369|445,43,174|445,302,174|365,251,369
2;0.3;0.3;0.9;0.3;0.15;1.0;50;1.0;0.0;0.0;0.0;695,43,270|695,302,268|621,251,465|621,40,465
2;0.3;0.3;0.9;0.3;0.15;1.0;50;1.0;0.0;0.0;0.0;445,43,174|458,43,179|458,302,179|445,302,174
2;0.3;0.3;0.9;0.3;0.15;1.0;50;1.0;0.0;0.0;0.0;695,43,270|709,43,276|710,302,276|695,302,276
2;0.9;0.9;0.9;0.3;0.15;1.0;50;1.0;0.0;0.0;0.0;458,160,179|696,160,269|696,171,269|458,171,179
2;0.9;0.9;0.9;0.3;0.15;1.0;50;1.0;0.0;0.0;0.0;529,40,205|534,40,207|535,302,208|529,302,205
2;0.9;0.9;0.9;0.3;0.15;1.0;50;1.0;0.0;0.0;0.0;631,40,244|636,40,246|636,302,246|631,302,244
2;1.0;1.0;1.0;0.3;0.15;1.0;50;1.0;0.0;0.0;0.0;634,26,469|708,26,273|708,40,273|634,40,469
2;1.0;1.0;1.0;0.3;0.15;1.0;50;0.7;0.3;0.0;0.0;445,26,174|708,26,273|634,26,469|371,26,369
2;1.0;1.0;1.0;0.3;0.15;1.0;50;0.7;0.3;0.0;0.0;371,26,369|634,26,469|634,40,469|371,40,369
2;1.0;1.0;1.0;0.3;0.15;1.0;50;0.7;0.3;0.0;0.0;145,38,290|851,38,556|781,38,739|77,38,473
2;0.6;0.6;0.6;0.3;0.15;1.0;50;1.0;0.0;0.0;0.0;412,43,161|445,43,174|371,43,369|131,43,278|156,43,212|363,43,290
2;0.6;0.6;0.6;0.3;0.15;1.0;50;1.0;0.0;0.0;0.0;709,43,275|773,43,300|730,43,414|898,43,478|868,43,558|636,43,470
2;0.6;0.6;0.6;0.3;0.15;1.0;50;1.0;0.0;0.0;0.0;131,38,278|156,38,212|156,43,212|131,43,278
2;0.6;0.6;0.6;0.3;0.15;1.0;50;1.0;0.0;0.0;0.0;156,38,212|363,38,290|363,43,290|156,43,212
2;0.6;0.6;0.6;0.3;0.15;1.0;50;1.0;0.0;0.0;0.0;363,38,290|453,38,52|453,44,52|363,44,290
2;0.6;0.6;0.6;0.3;0.15;1.0;50;1.0;0.0;0.0;0.0;453,38,52|812,38,189|812,44,189|453,44,52
2;0.6;0.6;0.6;0.3;0.15;1.0;50;1.0;0.0;0.0;0.0;730,38,414|898,38,478|898,44,478|730,44,414
2;0.6;0.6;0.6;0.3;0.15;1.0;50;1.0;0.0;0.0;0.0;453,43,52|815,43,189|773,43,300|412,43,161
2;0.3;0.3;0.9;0.3;0.15;1.0;50;1.0;0.0;0.0;0.0;54,40,484|131,40,278|131,219,279|54,219,484
2;0.3;0.3;0.9;0.3;0.15;1.0;50;1.0;0.0;0.0;0.0;131,40,279|147,40,285|147,219,285|131,219,279
2;0.3;0.3;0.9;0.3;0.15;1.0;50;1.0;0.0;0.0;0.0;853,35,551|775,35,757|775,219,757|853,219,551
2;0.3;0.3;0.9;0.3;0.15;1.0;50;1.0;0.0;0.0;0.0;853,35,551|868,35,556|868,219,556|853,219,551
2;0.9;0.3;0.3;0.3;0.15;1.0;50;1.0;0.0;0.0;0.0;69,30,490|775,30,757|775,219,757|69,220,490
2;0.9;0.3;0.3;0.3;0.15;1.0;50;1.0;0.0;0.0;0.0;147,43,284|371,43,369|371,93,369|147,93,285
2;0.9;0.3;0.3;0.3;0.15;1.0;50;1.0;0.0;0.0;0.0;147,93,285|371,93,369|370,93,374|145,93,290
2;0.9;0.3;0.3;0.3;0.15;1.0;50;1.0;0.0;0.0;0.0;635,40,470|853,40,551|853,90,551|635,90,470
2;0.9;0.3;0.3;0.3;0.15;1.0;50;1.0;0.0;0.0;0.0;635,90,470|853,90,551|851,90,556|633,90,476
2;0.3;0.3;0.9;0.3;0.15;1.0;50;1.0;0.0;0.0;0.0;285,40,552|340,40,407|340,219,407|285,219,552
2;0.3;0.3;0.9;0.3;0.15;1.0;50;1.0;0.0;0.0;0.0;340,40,407|352,40,412|352,220,412|340,220,407
2;0.3;0.3;0.9;0.3;0.15;1.0;50;1.0;0.0;0.0;0.0;552,40,653|557,40,638|557,158,638|586,157,518|586,219,518|552,219,653
2;0.3;0.3;0.9;0.3;0.15;1.0;50;1.0;0.0;0.0;0.0;579,40,581|603,40,518|603,219,518|586,219,562|586,157,562|579,157,581
2;0.3;0.3;0.9;0.3;0.15;1.0;50;1.0;0.0;0.0;0.0;603,40,518|617,40,523|617,219,523|603,219,518
2;1.0;1.0;1.0;1.0;0.15;1.0;50;1.0;1.0;0.0;0.0;332,40,466|526,40,540|526,157,540|586,157,562|586,171,562|332,171,466
2;0.9;0.9;0.9;0.3;0.15;1.0;50;1.0;0.0;0.0;0.0;159,219,204|896,219,482|784,219,779|47,219,500
2;0.9;0.9;0.9;0.3;0.15;1.0;50;1.0;0.0;0.0;0.0;47,219,500|159,219,204|159,228,204|47,228,500
2;0.9;0.9;0.9;0.3;0.15;1.0;50;1.0;0.0;0.0;0.0;159,219,204|896,219,482|896,228,482|159,228,204
2;0.9;0.9;0.9;0.3;0.15;1.0;50;1.0;0.0;0.0;0.0;159,228,204|896,228,482|784,228,779|47,228,500
4;1.0;0.2;0.0;1.0;0.25;1.0;50;0.5;0.0;0.5;0.0;5;-25;0;490;280;280;490;250;280
5;1.0;0.2;0.0;1.0;0.25;1.0;50;0.8;0.0;0.2;0.3;1;2;-20;0;490;265;280;490;250;280
4;1.0;0.2;0.0;1.0;0.25;1.0;50;0.5;0.0;0.5;0.0;5;-25;0;600;280;280;600;250;280
5;1.0;0.2;0.0;1.0;0.25;1.0;50;0.8;0.0;0.2;0.3;1;2;-20;0;600;265;280;600;250;280
4;1.0;0.2;0.0;1.0;0.25;1.0;50;0.5;0.0;0.5;0.0;2;-15;0;225;220;350;225;200;350
1;1.0;1.0;1.0;1.0;0.05;1.0;50.0;0.2;0.0;0.8;0.8;10;225;195;350
4;1.0;0.2;0.0;1.0;0.25;1.0;50;0.5;0.0;0.5;0.0;2;-15;0;770;220;550;770;200;550
1;1.0;1.0;1.0;1.0;0.05;1.0;50.0;0.2;0.0;0.8;0.8;10;770;195;550
2;0.0;0.0;0.0;1.0;0.0;1.0;50;0.3;0.2;0.5;0.7;147,93,285|371,93,369|372,219,369|147,219,285
2;0.0;0.0;0.0;1.0;0.0;1.0;50;0.3;0.2;0.5;0.7;458,171,179|529,171,206|529,302,205|458,302,179
2;0.0;0.0;0.0;1.0;0.0;1.0;50;0.3;0.2;0.5;0.7;534,171,208|631,171,246|631,302,246|534,302,208
2;0.0;0.0;0.0;1.0;0.0;1.0;50;0.3;0.2;0.5;0.7;635,171,247|697,171,267|697,302,267|636,302,246
2;0.0;0.0;0.0;1.0;0.0;1.0;50;0.3;0.2;0.5;0.7;458,43,179|529,43,205|529,160,206|458,160,179
2;0.0;0.0;0.0;1.0;0.0;1.0;50;0.3;0.2;0.5;0.7;534,43,207|631,43,240|631,160,245|533,160,208
2;0.0;0.0;0.0;1.0;0.0;1.0;50;0.3;0.2;0.5;0.7;636,43,246|695,43,270|695,160,270|636,160,247
2;0.0;0.0;0.0;1.0;0.0;1.0;50;0.3;0.2;0.5;0.7;635,90,470|853,90,551|853,219,551|635,219,470
4;0.8;0.8;0.8;1.0;0.25;1.0;50;0.5;0.0;0.5;0.0;2;-15;0;422;192;234;412;192;231
4;0.8;0.8;0.8;1.0;0.25;1.0;50;0.5;0.0;0.5;0.0;1;-15;0;415;192;231;415;200;231
5;1.0;0.2;0.0;1.0;0.25;1.0;50;0.5;0.0;0.5;0.0;1;0.5;5;20;415;220;231;415;230;231
4;0.2;0.5;0.2;0.1;0.10;0.0;50;0.1;0.0;0.0;0.0;75;-30;0;900;40;100;900;100;100
1;0.2;0.5;0.2;0.1;0.10;0.0;50;0.1;0.0;0.0;0.0;30;900;70;100
1;0.2;0.5;0.2;0.1;0.10;0.0;50;0.1;0.0;0.0;0.0;20;900;115;100
5;0.2;0.5;0.2;0.1;0.10;0.0;50;0.1;0.0;0.0;0.0;1;0.8;-20;0;900;130;100;900;150;100
5;0.2;0.5;0.2;0.1;0.10;0.0;50;0.1;0.0;0.0;0.0;1;0.5;-30;0;900;130;100;900;150;100
5;0.2;0.5;0.2;0.1;0.10;0.0;50;0.1;0.0;0.0;0.0;1;0.25;-40;0;900;130;100;900;150;100
4;0.8;0.8;0.8;1.0;0.10;1.0;50;0.5;0.5;0.0;0.0;5;-150;0;975;40;25;975;50;25
5;0.8;0.8;0.8;1.0;0.10;1.0;50;0.5;0.5;0.0;0.0;1;0.20;-40;0;975;160;25;975;180;25
1;1.0;1.0;1.0;1.0;0.05;1.0;50.0;0.2;0.0;0.8;0.8;10;975;205;25
0;1000;1000;0;1.0;1.0;0.0001;0.0
0;490;255;280;1.0;1.0;0.0001;0.0
0;600;260;280;1.0;1.0;0.0001;0.0
0;225;195;350;1.0;1.0;0.0001;0.0
0;770;195;550;1.0;1.0;0.0001;0.0
0;415;215;231;1.0;1.0;0.0001;0.0
0;975;205;25;1.0;1.0;0.0001;0.0
