0;0;1008;567;504;283;-1000;0.5;0.5;0.5;0.25;6
1;0.1;0.1;0.8;1.0;0.25;1.0;50;0.05;0.05;0.9;0.8;100;500;350;250
1;0.8;0.1;0.8;0.8;0.25;0.8;50;0.8;0.2;0.0;0.0;75;800;400;500
1;0.1;0.9;0.2;0.3;0.25;0.2;50;1.0;0.0;0.0;0.0;30;1000;400;500
1;0.1;0.9;0.2;0.3;0.25;0.2;50;1.0;0.0;0.0;0.0;30;700;200;500
1;0.1;0.9;0.2;0.3;0.25;0.2;50;1.0;0.0;0.0;0.0;30;700;600;500
4;0.5;0.5;0.5;1.0;0.25;1.0;50;1.0;0.0;0.0;0.0;5;-200;0;1000;400;500;800;400;500
4;0.5;0.5;0.5;1.0;0.25;1.0;50;1.0;0.0;0.0;0.0;5;-200;0;700;200;500;800;400;500
4;0.5;0.5;0.5;1.0;0.25;1.0;50;1.0;0.0;0.0;0.0;5;-200;0;700;600;500;800;400;500
4;0.5;0.5;0.5;1.0;0.25;1.0;50;0.2;0.1;0.7;0.7;15;-300;0;575;350;250;800;400;500
1;0.8;0.1;0.8;0.8;0.25;0.8;50;0.8;0.2;0.0;0.0;75;200;200;400
1;0.1;0.9;0.2;0.3;0.25;0.2;50;1.0;0.0;0.0;0.0;30;100;400;400
1;0.1;0.9;0.2;0.3;0.25;0.2;50;1.0;0.0;0.0;0.0;30;0;200;400
1;0.1;0.9;0.2;0.3;0.25;0.2;50;1.0;0.0;0.0;0.0;30;100;0;400
4;0.5;0.5;0.5;1.0;0.25;1.0;50;1.0;0.0;0.0;0.0;5;-200;0;100;400;400;200;200;400
4;0.5;0.5;0.5;1.0;0.25;1.0;50;1.0;0.0;0.0;0.0;5;-200;0;0;200;400;200;200;400
4;0.5;0.5;0.5;1.0;0.25;1.0;50;1.0;0.0;0.0;0.0;5;-200;0;100;0;400;200;200;400
4;0.5;0.5;0.5;1.0;0.25;1.0;50;0.2;0.1;0.7;0.7;15;-300;0;200;200;400;500;350;250
1;0.8;0.1;0.8;0.8;0.25;0.8;50;0.8;0.2;0.0;0.0;75;800;200;200
1;0.1;0.9;0.2;0.3;0.25;0.2;50;1.0;0.0;0.0;0.0;30;800;50;200
1;0.1;0.9;0.2;0.3;0.25;0.2;50;1.0;0.0;0.0;0.0;30;1000;200;250
1;0.1;0.9;0.2;0.3;0.25;0.2;50;1.0;0.0;0.0;0.0;30;850;350;200
4;0.5;0.5;0.5;1.0;0.25;1.0;50;1.0;0.0;0.0;0.0;5;-150;0;800;200;200;800;50;200
4;0.5;0.5;0.5;1.0;0.25;1.0;50;1.0;0.0;0.0;0.0;5;-200;0;800;200;200;1000;200;250
4;0.5;0.5;0.5;1.0;0.25;1.0;50;1.0;0.0;0.0;0.0;5;-150;0;800;200;200;850;350;200
4;0.5;0.5;0.5;1.0;0.25;1.0;50;0.2;0.1;0.7;0.7;15;-275;0;800;200;200;500;350;250
5;0.8;0.8;0.8;0.5;0.15;0.1;50;1.0;0.0;0.0;0.0;1;1;0;80;500;40;250;500;350;250
5;0.8;0.8;0.8;0.4;0.15;0.1;50;1.0;0.0;0.0;0.0;1;1.5;0;80;500;30;250;500;350;250
5;0.8;0.8;0.8;0.3;0.15;0.1;50;1.0;0.0;0.0;0.0;1;1.8;0;80;500;10;250;500;350;250
2;0.5;0.1;0.05;0.8;0.35;0.1;50;0.8;0.2;0.0;0.0;100,-70,50|900,-70,50|900,-70,450|100,-70,450
4;0.8;0.8;0.8;0.9;0.15;1.0;50;0.2;0.8;0.0;0.0;5;-120;0;500;20;300;500;150;300
4;0.8;0.8;0.8;0.9;0.15;1.0;50;0.2;0.8;0.0;0.0;5;-150;0;500;150;300;500;350;250
0;0;0;0;1.0;1.0;0.0001;0.0
0;1000;1000;1000;1.0;1.0;0.0001;0.0